4.73101518941723853
2.56478769737813161
1.47048285048473026
0.768564352904490988
0.396880538819557316
0.204673448696432558
0.105542037336996408
0.054424599592278966
0.0280651547958257197
0.0144723800182946505
0.00746298317866411764
0.00384844209507217982
0.00198452899357093315
0.00102336354004162189
0.000527718636811336239
0.000272129061420933738
0.00014032899523463982
7.23635572050795872e-05
3.73157692941106234e-05
1.92426504694864775e-05
9.92287186019069622e-06
5.11693470350849111e-06
2.63865351968206596e-06
1.36067642042547732e-06
7.0166102084101567e-07
3.61826060668590799e-07
1.86583113404026335e-07
9.62154533823422753e-08
4.96154939355619717e-08
2.55852583563864755e-08
1.31935689040574289e-08
6.80353817728018839e-09
3.50838647023010708e-09
1.80917236747291099e-09
9.32937282982493343e-10
4.81088058279510733e-10
2.4808333165537988e-10
1.27929666859927238e-10
6.59703403016465018e-11
3.40181216529344965e-11
1.75424119674971735e-11
9.04609720464577549e-12
4.66560123868475785e-12
2.40607533896763925e-12
1.24078525232107495e-12
6.39488462184090167e-13
